# Created by Octave 5.2.0, Sat Sep 05 12:54:07 2020 GMT <unknown@DESKTOP-QQIAIU2>
# name: v
# type: matrix
# rows: 10
# columns: 1
 399900
 329900
 369000
 232000
 539900
 299900
 314900
 198999
 212000
 242500


